2
2
2
2
2
2
2
2
2
2
2
3
2
3
2
2
2
2
2
2
3
2
2
2
2
2
2
2
2
2
2
2
2
2
2
2
2
2
2
2
2
2
2
2
2
2
2
2
2
2
9
11
11
11
12
3
4
3
3
3
3
64
89
105
124
123
133
147
166
182
191
199
202
198
196
196
198
201
205
210
214
216
218
220
222
225
229
233
236
239
241
255
287
316
327
398
490
495
473
472
460
447
436
427
419
412
405
399
393
389
386
382
379
378
379
380
390
397
405
415
423
429
433
438
441
446
449
457
469
482
497
511
512
523
529
536
539
528
518
509
498
515
501
500
492
519
516
508
520
531
520
526
545
4
4
4
3
3
4
3
2
3
2
9
3
2
3
2
3
3
3
2
2
2
3
2
7
4
4
4
4
4
4
4
4
4
4
4
4
4
3
4
4
4
4
4
4
4
4
4
4
4
4
3
4
3
4
4
4
4
4
4
4
4
4
4
4
4
4
4
4
4
4
5
5
5
6
6
5
5
6
5
5
5
6
6
5
5
5
5
5
5
5
5
5
5
5
5
5
5
5
5
5
5
5
5
5
5
5
6
5
5
5
5
5
5
5
5
5
5
5
5
5
6
5
5
6
5
5
5
5
5
5
6
5
5
5
5
5
5
5
5
5
5
5
5
5
5
5
5
6
5
5
6
5
5
5
5
5
5
5
5
5
5
5
5
5
5
5
5
5
5
5
5
5
5
5
6
5
5
5
6
5
5
5
6
5
5
6
5
5
5
5
6
6
6
5
6
6
5
6
5
6
5
5
5
6
5
6
6
6
6
5
6
6
5
6
5
6
5
5
6
5
6
6
5
5
5
5
5
5
5
5
5
5
5
5
5
5
5
5
5
5
5
5
5
5
5
5
5
5
5
5
5
5
5
5
5
5
5
5
6
5
5
5
5
5
5
5
5
5
5
5
5
5
5
5
5
5
5
5
5
5
5
5
5
5
5
5
5
5
6
5
5
5
5
5
5
5
5
5
5
5
5
5
5
5
5
5
5
5
5
5
5
5
5
5
5
5
5
5
5
5
5
5
5
5
5
5
5
5
5
5
5
5
5
5
5
5
5
5
5
5
5
5
6
5
5
5
5
5
5
5
5
5
5
5
5
5
5
5
5
5
5
5
5
5
5
5
5
5
5
5
5
5
5
5
5
5
5
5
5
5
5
5
5
5
5
5
5
5
5
5
5
5
5
5
5
5
5
5
5
5
5
5
5
5
5
5
5
5
5
5
5
5
5
6
5
5
5
5
5
5
5
5
5
5
5
5
5
5
5
5
5
5
5
5
5
5
5
5
5
5
5
5
5
5
5
5
5
5
5
5
5
5
5
5
5
5
5
5
5
5
5
5
5
5
5
5
5
5
5
5
5
5
5
5
5
5
5
5
5
5
5
5
5
5
5
5
5
5
5
5
5
5
5
5
5
5
6
5
5
5
5
5
5
5
5
5
5
5
4
4
4
4
4
4
4
3
4
4
4
4
4
4
4
4
4
3
4
4
4
4
4
4
4
4
4
4
4
4
4
3
4
4
4
3
3
4
3
4
3
4
4
4
4
4
4
3
4
4
4
4
4
4
4
4
4
4
4
4
4
4
4
4
4
4
4
4
3
4
6
122
6
5
7
26
7
429
472
49
1
503
524
529
525
525
531
537
7
6
5
2
6
5
5
12
12
12
12
11
11
11
1
1
11
11
1
1
11
11
10
11
11
1
1
10
11
10
11
10
3
3
3
3
3
3
4
4
4
3
4
3
4
4
4
4
4
4
4
4
4
4
3
4
3
3
4
4
4
4
4
3
3
4
3
4
4
4
3
3
4
4
4
4
4
4
4
4
4
4
4
3
3
3
3
4
3
4
4
4
4
3
4
4
3
17
6
10
94
1
15
136
180
234
292
12
8
40
6
5
4
71
115
138
160
1
91
212
23
9
266
9
8
9
9
8
8
9
8
9
9
8
8
8
8
9
8
8
9
8
9
9
9
8
5
6
6
6
6
6
6
5
6
6
6
6
6
6
6
6
6
6
7
6
7
6
384
430
445
398
353
143
143
139
92
1
44
139
97
14
4
143
132
86
143
137
104
8
0
143
118
7
3
143
12
0
68
143
40
107
137
61
60
55
55
5
3
53
53
5
4
51
50
50
53
54
52
50
50
49
50
49
49
49
49
49
49
49
50
4
9
50
51
5
1
51
51
51
51
62
50
48
53
56
55
55
59
57
57
55
127
50
50
50
50
50
50
50
50
50
50
50
50
50
50
50
18
9
219
234
24
3
248
251
253
136
80
142
13
2
74
140
133
104
136
135
130
124
86
1
43
136
108
104
148
139
102
136
135
139
108
128
140
1
55
86
14
4
131
131
104
1
60
142
13
3
104
85
13
9
128
96
15
1
116
88
48
7
9
55
53
5
1
49
48
47
48
50
55
47
47
47
44
47
47
48
48
46
48
48
48
48
47
48
4
7
48
47
4
8
48
48
47
47
47
47
47
47
12
1
49
48
48
49
49
49
49
50
53
52
50
72
51
51
51
51
151
53
51
5
1
51
52
5
1
52
52
55
52
51
51
51
51
51
52
51
51
72
49
50
5
0
49
47
48
48
50
48
13
8
138
138
138
138
138
138
138
138
139
138
138
1
47
47
4
7
46
47
47
47
47
47
47
47
46
47
46
4
7
47
46
4
6
47
47
47
46
47
47
47
46
47
46
47
47
46
47
47
47
47
47
47
46
47
4
6
47
47
47
47
47
47
47
46
47
47
47
47
47
46
47
47
47
46
47
46
47
4
7
47
138
139
139
1
2
151
131
54
1
51
116
48
151
63
55
51
49
49
47
47
47
4
7
47
47
4
7
47
46
47
47
46
129
58
59
59
60
61
65
61
60
64
63
66
58
66
0
174
177
133
135
135
135
136
136
137
137
139
1
60
59
58
57
57
55
1
63
163
47
1
68
47
47
4
7
169
171
48
47
49
50
48
48
48
146
158
1
47
69
57
54
54
51
5
1
50
51
50
51
50
50
53
53
50
50
50
50
51
50
50
50
51
50
51
51
51
5
1
52
55
5
1
51
55
51
55
51
53
51
50
50
51
51
55
54
50
55
55
54
50
54
59
124
174
53
337
146
146
145
146
145
145
1
57
59
5
8
58
62
60
60
61
5
8
62
62
62
59
62
62
61
61
62
61
61
61
58
58
58
61
1
54
150
14
9
147
146
146
1
99
144
143
132
86
93
144
139
118
136
151
137
92
14
4
139
115
128
1
48
139
84
144
143
94
1
48
143
10
1
104
151
12
8
64
151
40
151
63
57
5
4
52
52
50
51
50
50
50
50
50
50
50
50
50
50
50
51
52
50
50
50
50
5
1
50
51
5
0
51
51
51
49
50
51
49
50
50
51
50
50
50
49
51
50
50
49
49
49
51
5
0
51
50
5
1
51
51
51
51
53
51
53
52
52
50
51
50
49
50
49
51
51
51
51
50
52
5
1
51
52
52
54
51
51
51
52
51
50
51
51
50
52
52
52
51
54
51
52
51
5
2
54
57
5
3
53
52
57
52
55
52
50
51
52
53
55
49
52
51
52
51
55
54
55
55
56
5
4
52
51
52
53
56
54
53
56
55
55
57
48
80
140
14
3
132
140
14
3
138
110
14
3
138
87
143
137
100
144
139
108
144
139
123
140
143
138
106
144
138
104
144
1
39
120
13
8
143
136
91
1
43
137
83
143
139
94
143
136
78
143
136
171
74
75
7
3
75
73
74
73
159
160
160
164
163
160
160
162
158
160
166
160
1
74
72
72
73
72
73
72
74
73
7
3
73
74
7
3
73
73
75
73
75
73
75
74
73
74
75
74
74
74
75
74
74
73
74
74
73
7
4
74
74
7
4
74
76
76
75
75
75
75
75
77
74
75
75
76
75
75
75
74
75
74
74
74
7
5
74
74
74
73
75
74
75
75
76
75
76
75
75
74
74
74
73
73
75
74
73
7
3
73
74
7
3
74
75
74
75
75
74
74
75
74
74
74
75
74
74
73
74
74
74
74
74
75
7
4
75
74
7
5
74
75
75
73
74
74
75
74
74
72
88
14
8
164
122
16
0
159
148
16
0
159
157
12
0
164
160
13
2
168
165
148
142
168
163
137
160
163
152
166
172
166
131
168
167
161
122
168
1
67
154
14
1
172
165
128
1
54
168
165
1
49
128
16
8
163
140
13
7
172
163
13
1
162
172
16
3
120
168
172
161
134
100
168
171
142
88
175
148
88
175
112
139
79
75
74
73
72
72
72
72
72
71
72
72
72
72
72
72
72
72
7
2
71
72
73
73
72
73
72
72
73
73
72
72
73
73
73
72
72
73
73
72
73
7
3
73
73
7
2
73
74
73
74
73
73
75
73
74
74
74
74
73
73
75
74
74
74
74
74
73
7
4
73
73
7
4
74
74
74
73
74
73
73
74
74
74
73
75
74
74
73
75
74
75
74
74
76
7
5
75
74
73
75
74
75
75
75
75
75
75
76
75
75
75
75
75
74
75
75
75
74
74
74
7
5
75
74
74
75
76
75
75
75
76
75
75
75
76
76
75
75
75
75
75
76
76
7
6
74
76
7
5
75
75
75
75
68
11
6
165
138
172
164
122
164
1
63
152
16
4
167
160
130
1
68
164
13
4
165
167
15
3
150
168
16
3
121
164
16
7
163
124
16
8
167
156
148
168
165
128
164
172
164
114
165
170
163
139
128
168
167
159
101
152
172
160
1
09
154
17
2
163
122
130
1
72
163
11
7
160
174
15
9
84
174
16
3
72
175
84
78
87
79
7
3
75
73
74
73
73
73
73
73
72
72
73
74
73
72
73
72
73
72
73
72
73
72
73
74
7
3
73
73
73
72
73
73
73
73
73
73
74
73
73
73
73
73
74
73
74
73
73
73
73
73
7
3
73
73
73
72
73
73
74
74
73
73
73
74
74
72
74
73
74
73
74
73
74
73
73
73
7
4
73
73
73
72
72
73
73
74
74
73
74
74
74
73
74
75
74
75
74
74
74
74
74
73
7
4
74
74
75
74
74
74
74
74
75
74
74
74
74
74
74
74
74
73
74
73
73
73
74
75
7
4
74
75
75
74
74
76
75
74
75
74
74
75
75
74
75
74
75
64
114
168
18
0
195
200
22
8
286
78
74
73
73
74
74
7
4
75
99
1
16
137
146
162
177
206
239
268
164
71
72
73
7
2
73
72
7
2
74
86
99
105
115
116
134
157
190
216
235
244
2
38
237
228
2
08
189
20
2
227
236
244
2
55
272
175
77
72
73
74
74
74
76
75
74
74
75
75
76
74
75
75
76
76
77
7
7
76
77
7
8
72
104
172
171
163
168
174
165
157
1
71
162
13
4
170
55
54
54
54
54
54
54
5
3
53
53
5
3
53
53
53
53
29
128
120
1
21
124
12
4
125
124
124
1
24
125
12
45
4
6
47
49
49
54
50
50
50
51
51
52
53
53
53
53
53
53
53
53
5
4
54
53
53
53
52
53
52
52
52
52
52
52
52
52
52
5
2
52
52
5
2
52
52
52
52
52
52
52
52
52
52
52
52
52
52
52
5
2
52
52
52
52
52
53
53
53
54
53
54
54
54
54
55
55
55
55
5
5
55
55
55
55
55
55
55
55
55
55
55
55
55
55
55
55
56
57
5
7
57
57
57
58
57
57
56
64
13
2
135
121
13
2
140
134
98
140
134
96
1
35
133
96
1
35
132
85
13
5
129
90
13
5
128
89
13
5
129
82
13
6
131
96
13
6
131
100
13
2
135
130
99
1
36
131
118
96
135
129
97
132
135
124
7
8
136
131
8
8
136
13
5
129
82
13
6
135
108
88
1
40
131
90
1
36
135
107
80
135
44
14
3
61
55
53
52
52
52
51
51
51
53
106
53
58
51
52
1
35
135
135
135
135
135
134
131
130
133
5
8
57
57
5
5
52
53
51
52
51
51
50
50
50
49
49
50
50
49
50
51
50
50
5
0
50
50
5
0
50
49
50
50
51
53
51
51
51
50
51
50
50
50
50
50
50
51
5
1
51
52
51
54
52
52
51
51
142
44
4
44
44
4
44
44
44
44
44
44
44
44
44
44
44
44
44
44
45
89
107
16
288
126
126
126
1
126
126
126
12
126
44
44
44
44
44
44
44
4
44
44
4
44
44
44
44
44
44
44
44
44
44
44
44
44
12
126
12
126
12
127
126
127
1
127
127
1
127
127
1
127
127
1
127
127
127
127
127
127
127
140
45
45
45
45
45
45
45
45
45
45
45
45
45
45
45
1
128
12
128
12
147
14
143
14
146
146
146
1
147
148
1
148
148
1
148
149
1
59
59
40
12
152
154
150
1
152
151
1
146
156
1
97
15
144
93
15
147
98
15
142
134
158
90
13
136
96
14
136
91
14
130
96
14
130
76
14
132
80
14
131
88
14
132
80
14
133
100
132
133
94
135
94
133
107
142
131
108
142
72
14
135
112
75
133
73
135
92
135
106
143
120
143
131
143
72
71
6
59
58
57
56
55
55
56
55
55
55
56
55
56
57
58
64
97
15
221
353
158
62
61
61
61
60
60
60
60
60
60
59
60
60
60
60
60
61
60
60
62
13
144
143
140
143
134
143
121
143
125
143
117
143
122
143
121
143
116
141
115
143
124
143
131
143
140
9
143
132
1
148
14
96
143
140
9
143
139
9
150
143
8
148
14
105
14
131
14
133
14
141
114
150
74
1
141
93
1
139
68
1
123
104
143
63
61
59
58
57
57
57
57
57
57
56
57
57
56
57
14
141
14
141
14
140
14
141
141
141
1
141
141
1
143
14
144
144
144
1
127
55
55
55
55
133
133
135
135
59
64
54
53
54
55
54
54
5
54
133
132
132
64
55
54
54
54
54
5
163
70
64
160
164
165
160
142
131
162
164
159
154
12
160
162
15
159
12
120
160
64
63
63
6
63
63
6
63
63
6
63
63
6
63
63
6
63
64
6
63
52
1
155
154
1
155
158
15
138
117
15
159
154
124
160
159
155
135
128
159
156
141
114
160
159
159
157
108
160
159
159
156
144
105
160
159
156
134
105
160
159
152
113
112
141
1
159
159
1
126
91
160
159
15
145
113
10
160
159
15
155
116
10
172
230
269
16
161
161
161
161
162
64
6
64
64
6
64
64
6
64
64
6
65
6
64
6
64
6
65
65
64
6
159
65
64
65
65
159
159
159
75
6
64
64
159
66
66
65
65
65
66
65
65
64
64
65
65
64
65
64
64
65
65
65
64
64
64
65
65
65
65
65
65
65
64
65
65
65
65
65
81
81
78
82
81
81
8
1
181
18
18
180
181
94
91
91
93
92
105
183
147
116
179
92
64
64
64
65
64
64
64
60
194
195
195
195
195
195
196
65
64
65
65
65
64
65
6
19
196
65
65
65
6
65
65
65
65
65
65
65
196
196
197
